8
  0 50 72 98 69 61 61 66
 50  0 50 53 64 92 61 88
 72 50  0 82 57 74 68 86
 98 53 82  0 63 78 68 53
 69 64 57 63  0 88 53 79
 61 92 74 78 88  0 74 86
 61 61 68 68 53 74  0 86
 66 88 86 53 79 86 86  0